-0.931 
-0.272 
0.742 
1.503 
1.191 
-0.326 
-1.586 
-0.802 
1.534 
2.611 
0.827 
-1.744 
-1.877 
0.396 
1.836 
0.622 
-1.162 
-0.822 
0.882 
1.098 
-0.534 
-1.266 
0.359 
1.985 
0.917 
-1.592 
-1.937 
0.535 
2.431 
1.126 
-1.593 
-2.24 
-0.455 
0.992 
0.458 
-0.633 
-0.547 
0.105 
-0.199 
-1.126 
-0.985 
0.401 
1.118 
-0.155 
-2.198 
-2.795 
-1.384 
0.612 
1.491 
0.462 
-2.27 
-5.391 
-6.589 
-4.193 
0.672 
4.535 
5.023 
3.274 
2.092 
2.312 
2.277 
0.81 
-0.857 
-0.879 
0.556 
1.546 
1.005 
-0.263 
-0.966 
-0.714 
0.166 
1.173 
1.55 
0.604 
-1.075 
-1.544 
0.204 
2.347 
2.105 
-0.476 
-2.216 
-0.99 
1.328 
1.54 
-0.341 
-1.325 
-0.048 
1.272 
0.448 
-1.156 
-0.763 
1.304 
1.862 
-0.259 
-2.162 
-1.01 
1.717 
2.239 
-0.163 
-2.272 
-1.595 
0.422 
0.966 
-0.126 
-0.78 
-0.217 
0.131 
-0.643 
-1.273 
-0.425 
0.941 
0.763 
-1.149 
-2.746 
-2.336 
-0.422 
1.211 
1.244 
-0.633 
-3.768 
-6.328 
-5.982 
-2.126 
2.763 
5.203 
4.34 
2.54 
2.082 
2.45 
1.765 
-0.068 
-1.138 
-0.317 
1.169 
1.477 
0.422 
-0.718 
-0.973 
-0.374 
0.641 
1.476 
1.29 
-0.172 
-1.559 
-0.985 
1.322 
2.637 
1.078 
-1.584 
-2.017 
0.143 
1.798 
0.803 
-1.067 
-0.965 
0.729 
1.171 
-0.367 
-1.301 
0.14 
1.911 
1.125 
-1.393 
-2.049 
0.252 
2.368 
1.366 
-1.38 
-2.314 
-0.669 
0.93 
0.565 
-0.57 
-0.608 
0.066 
-0.124 
-1.068 
-1.08 
0.252 
1.125 
0.031 
-2.038 
-2.831 
-1.572 
0.445 
1.476 
0.634 
-1.972 
-5.151 
-6.635 
-4.579 
0.194 
4.304 
5.117 
3.453 
2.131 
2.262 
2.329 
0.979 
-0.757 
-0.961 
0.408 
1.511 
1.101 
-0.163 
-0.952 
-0.775 
0.073 
1.095 
1.559 
0.731 
-0.942 
-1.581 
0.006 
2.236 
2.258 
-0.218 
-2.167 
-1.183 
1.191 
1.658 
-0.148 
-1.336 
-0.217 
1.229 
0.602 
-1.06 
-0.898 
1.138 
1.942 
-0.018 
-2.106 
-1.235 
1.518 
2.336 
0.086 
-2.206 
-1.764 
0.277 
1.011 
-0.019 
-0.786 
-0.288 
0.145 
-0.559 
-1.279 
-0.553 
0.865 
0.871 
-0.961 
-2.685 
-2.465 
-0.616 
1.112 
1.322 
-0.387 
-3.461 
-6.179 
-6.173 
-2.583 
2.363 
5.118 
4.497 
2.668 
2.069 
2.442 
1.896 
0.106 
-1.109 
-0.442 
1.066 
1.516 
0.542 
-0.643 
-0.989 
-0.449 
0.554 
1.441 
1.374 
-0.008 
-1.492 
-1.129 
1.113 
2.633 
1.312 
-1.392 
-2.095 
-0.061 
1.772 
0.984 
-0.952 
-1.068 
0.595 
1.231 
-0.209 
-1.313 
-0.045 
1.841 
1.311 
-1.192 
-2.119 
0.008 
2.298 
1.573 
-1.171 
-2.353 
-0.848 
0.875 
0.668 
-0.503 
-0.664 
0.024 
-0.045 
-0.981 
-1.137 
0.119 
1.121 
0.201 
-1.877 
-2.856 
-1.748 
0.288 
1.463 
0.789 
-1.706 
-4.918 
-6.634 
-4.881 
-0.22 
4.083 
5.18 
3.61 
2.178 
2.233 
2.384 
1.135 
-0.657 
-1.016 
0.29 
1.478 
1.173 
-0.079 
-0.927 
-0.81 
0.002 
1.032 
1.573 
0.848 
-0.831 
-1.63 
-0.19 
2.111 
2.367 
-0.003 
-2.12 
-1.356 
1.036 
1.718 
0.008 
-1.325 
-0.355 
1.172 
0.721 
-0.959 
-0.994 
0.979 
1.983 
0.201 
-2.011 
-1.409 
1.313 
2.386 
0.318 
-2.105 
-1.902 
0.116 
1.024 
0.085 
-0.769 
-0.345 
0.158 
-0.471 
-1.266 
-0.666 
0.778 
0.954 
-0.782 
-2.605 
-2.558 
-0.78 
1.02 
1.379 
-0.176 
-3.184 
-6.025 
-6.31 
-2.958 
2.027 
5.048 
4.639 
2.793 
2.074 
2.437 
1.996 
0.244 
-1.08 
-0.538 
0.979 
1.542 
0.64 
-0.574 
-0.995 
-0.51 
0.474 
1.394 
1.422 
0.117 
-1.421 
-1.221 
0.951 
2.62 
1.499 
-1.226 
-2.159 
-0.261 
1.705 
1.115 
-0.839 
-1.135 
0.482 
1.27 
-0.081 
-1.319 
-0.204 
1.772 
1.465 
-1.016 
-2.172 
-0.203 
2.227 
1.743 
-0.984 
-2.368 
-0.994 
0.813 
0.736 
-0.446 
-0.696 
-0.008 
0.004 
-0.92 
-1.172 
0.023 
1.106 
0.319 
-1.744 
-2.847 
-1.871 
0.142 
1.417 
0.902 
-1.467 
-4.694 
-6.615 
-5.139 
-0.588 
3.873 
5.226 
3.751 
2.221 
2.192 
2.412 
1.268 
-0.561 
-1.069 
0.172 
1.451 
1.262 
0.018 
-0.907 
-0.859 
-0.074 
0.963 
1.572 
0.957 
-0.696 
-1.638 
-0.367 
1.972 
2.46 
0.216 
-2.055 
-1.521 
0.878 
1.772 
0.163 
-1.312 
-0.487 
1.121 
0.841 
-0.861 
-1.091 
0.818 
2.004 
0.387 
-1.93 
-1.565 
1.13 
2.429 
0.53 
-1.999 
-2.006 
-0.014 
1.046 
0.192 
-0.741 
-0.395 
0.163 
-0.388 
-1.241 
-0.767 
0.679 
1.01 
-0.615 
-2.513 
-2.632 
-0.93 
0.932 
1.416 
-0.018 
-2.963 
-5.878 
-6.399 
-3.284 
1.689 
4.934 
4.737 
2.891 
2.052 
2.4 
2.076 
0.386 
-1.039 
-0.635 
0.878 
1.554 
0.734 
-0.503 
-0.995 
-0.565 
0.398 
1.349 
1.468 
0.241 
-1.356 
-1.331 
0.756 
2.566 
1.657 
-1.057 
-2.197 
-0.438 
1.644 
1.246 
-0.721 
-1.2 
0.352 
1.29 
0.06 
-1.291 
-0.354 
1.662 
1.571 
-0.847 
-2.207 
-0.424 
2.108 
1.873 
-0.801 
-2.376 
-1.153 
0.73 
0.802 
-0.376 
-0.727 
-0.058 
0.038 
-0.865 
-1.216 
-0.093 
1.073 
0.426 
-1.618 
-2.842 
-1.981 
0.032 
1.395 
0.986 
-1.302 
-4.528 
-6.586 
-5.331 
-0.902 
3.665 
5.245 
3.885 
2.288 
2.17 
2.426 
1.377 
-0.462 
-1.096 
0.06 
1.393 
1.317 
0.114 
-0.859 
-0.877 
-0.136 
0.891 
1.547 
1.024 
-0.593 
-1.636 
-0.51 
1.842 
2.519 
0.409 
-1.97 
-1.646 
0.725 
1.795 
0.301 
-1.279 
-0.6 
1.049 
0.923 
-0.77 
-1.159 
0.677 
2.012 
0.557 
-1.835 
-1.687 
0.96 
2.456 
0.728 
-1.882 
-2.092 
-0.153 
1.034 
0.273 
-0.716 
-0.446 
0.15 
-0.326 
-1.208 
-0.837 
0.601 
1.057 
-0.47 
-2.433 
-2.707 
-1.087 
0.832 
1.452 
0.152 
-2.724 
-5.716 
-6.472 
-3.594 
1.357 
4.818 
4.842 
3.013 
2.057 
2.374 
2.154 
0.53 
-0.987 
-0.721 
0.777 
1.558 
0.821 
-0.435 
-0.996 
-0.621 
0.316 
1.289 
1.497 
0.361 
-1.271 
-1.408 
0.584 
2.517 
1.82 
-0.871 
-2.216 
-0.619 
1.55 
1.342 
-0.614 
-1.259 
0.218 
1.286 
0.175 
-1.269 
-0.496 
1.561 
1.685 
-0.655 
-2.205 
-0.614 
2.003 
2.012 
-0.6 
-2.364 
-1.303 
0.643 
0.864 
-0.307 
-0.763 
-0.116 
0.068 
-0.799 
-1.243 
-0.193 
1.05 
0.543 
-1.481 
-2.834 
-2.109 
-0.117 
1.338 
1.084 
-1.058 
-4.264 
-6.518 
-5.581 
-1.322 
3.383 
5.253 
4.037 
2.361 
2.142 
2.447 
1.51 
-0.344 
-1.123 
-0.063 
1.331 
1.378 
0.215 
-0.818 
-0.914 
-0.218 
0.811 
1.534 
1.124 
-0.455 
-1.628 
-0.684 
1.673 
2.578 
0.643 
-1.854 
-1.789 
0.531 
1.813 
0.476 
-1.223 
-0.736 
0.951 
1.022 
-0.645 
-1.239 
0.482 
2.0 
0.771 
-1.699 
-1.841 
0.716 
2.456 
0.965 
-1.727 
-2.192 
-0.328 
1.017 
0.378 
-0.68 
-0.51 
0.132 
-0.244 
-1.162 
-0.927 
0.487 
1.094 
-0.296 
-2.312 
-2.767 
-1.255 
0.715 
1.478 
0.321 
-2.483 
-5.551 
-6.544 
-3.917 
0.997 
4.675 
4.939 
3.146 
2.071 
2.344 
2.225 
0.68 
-0.919 
-0.799 
0.676 
1.568 
0.923 
-0.353 
-0.995 
-0.68 
0.235 
1.236 
1.539 
0.5 
-1.168 
-1.488 
0.383 
2.442 
1.985 
-0.666 
-2.235 
-0.827 
1.443 
1.467 
-0.458 
-1.295 
0.074 
1.283 
0.331 
-1.195 
-0.621 
1.442 
1.794 
-0.434 
-2.173 
-0.816 
1.855 
2.131 
-0.374 
-2.32 
-1.454 
0.543 
0.944 
-0.187 
-0.759 
-0.164 
0.11 
-0.7 
-1.244 
-0.31 
0.993 
0.66 
-1.308 
-2.793 
-2.23 
-0.265 
1.294 
1.185 
-0.832 
-4.007 
-6.418 
-5.785 
-1.735 
3.07 
5.239 
4.203 
2.456 
2.113 
2.457 
1.652 
-0.198 
-1.13 
-0.184 
1.266 
1.44 
0.318 
-0.774 
-0.945 
-0.295 
0.724 
1.504 
1.216 
-0.296 
-1.577 
-0.823 
1.505 
2.607 
0.849 
-1.73 
-1.896 
0.361 
1.822 
0.633 
-1.159 
-0.846 
0.862 
1.113 
-0.509 
-1.28 
0.314 
1.967 
0.955 
-1.548 
-1.944 
0.495 
2.425 
1.167 
-1.566 
-2.267 
-0.501 
0.982 
0.477 
-0.629 
-0.565 
0.101 
-0.178 
-1.119 
-1.018 
0.362 
1.119 
-0.122 
-2.184 
-2.823 
-1.429 
0.581 
1.48 
0.47 
-2.239 
-5.351 
-6.583 
-4.246 
0.595 
4.499 
5.045 
3.306 
2.089 
2.288 
2.273 
0.831 
-0.844 
-0.894 
0.532 
1.536 
1.008 
-0.265 
-0.975 
-0.721 
0.163 
1.173 
1.555 
0.617 
-1.067 
-1.558 
0.177 
2.337 
2.128 
-0.442 
-2.204 
-0.998 
1.329 
1.563 
-0.314 
-1.319 
-0.059 
1.262 
0.45 
-1.151 
-0.76 
1.308 
1.871 
-0.251 
-2.165 
-1.022 
1.708 
2.239 
-0.162 
-2.283 
-1.612 
0.415 
0.974 
-0.113 
-0.775 
-0.221 
0.127 
-0.644 
-1.279 
-0.438 
0.931 
0.762 
-1.148 
-2.756 
-2.354 
-0.433 
1.217 
1.26 
-0.619 
-3.755 
-6.318 
-5.981 
-2.137 
2.75 
5.202 
4.353 
2.554 
2.087 
2.452 
1.772 
-0.058 
-1.13 
-0.31 
1.177 
1.482 
0.423 
-0.716 
-0.964 
-0.358 
0.654 
1.477 
1.282 
-0.178 
-1.555 
-0.974 
1.328 
2.629 
1.062 
-1.592 
-2.01 
0.155 
1.797 
0.791 
-1.069 
-0.947 
0.745 
1.164 
-0.388 
-1.31 
0.151 
1.923 
1.121 
-1.4 
-2.041 
0.268 
2.371 
1.348 
-1.398 
-2.309 
-0.644 
0.953 
0.571 
-0.579 
-0.621 
0.06 
-0.122 
-1.059 
-1.069 
0.261 
1.128 
0.027 
-2.046 
-2.839 
-1.577 
0.442 
1.472 
0.627 
-1.982 
-5.156 
-6.626 
-4.554 
0.224 
4.322 
5.112 
3.439 
2.127 
2.272 
2.335 
0.973 
-0.763 
-0.951 
0.426 
1.514 
1.087 
-0.175 
-0.951 
-0.767 
0.079 
1.104 
1.571 
0.734 
-0.955 
-1.593 
0.009 
2.237 
2.235 
-0.254 
-2.176 
-1.156 
1.213 
1.644 
-0.175 
-1.337 
-0.198 
1.232 
0.584 
-1.063 
-0.869 
1.166 
1.934 
-0.043 
-2.105 
-1.206 
1.537 
2.326 
0.072 
-2.196 
-1.737 
0.294 
1.016 
-0.01 
-0.764 
-0.268 
0.152 
-0.558 
-1.272 
-0.543 
0.861 
0.851 
-0.981 
-2.688 
-2.446 
-0.589 
1.132 
1.322 
-0.405 
-3.484 
-6.182 
-6.139 
-2.522 
2.418 
5.136 
4.484 
2.657 
2.078 
2.457 
1.895 
0.091 
-1.116 
-0.429 
1.083 
1.518 
0.53 
-0.653 
-0.982 
-0.426 
0.576 
1.443 
1.347 
-0.045 
-1.501 
-1.097 
1.154 
2.632 
1.266 
-1.432 
-2.087 
-0.028 
1.775 
0.953 
-0.966 
-1.038 
0.63 
1.22 
-0.25 
-1.322 
-0.011 
1.861 
1.279 
-1.234 
-2.106 
0.064 
2.321 
1.534 
-1.215 
-2.341 
-0.799 
0.899 
0.655 
-0.513 
-0.651 
0.033 
-0.061 
-0.996 
-1.12 
0.149 
1.12 
0.163 
-1.913 
-2.854 
-1.714 
0.322 
1.469 
0.758 
-1.762 
-4.96 
-6.621 
-4.812 
-0.144 
4.11 
5.158 
3.578 
2.165 
2.228 
2.365 
1.102 
-0.682 
-1.019 
0.301 
1.484 
1.162 
-0.102 
-0.949 
-0.818 
0.007 
1.035 
1.559 
0.819 
-0.851 
-1.617 
-0.151 
2.137 
2.349 
-0.048 
-2.137 
-1.327 
1.071 
1.708 
-0.032 
-1.344 
-0.338 
1.183 
0.7 
-0.985 
-0.99 
0.991 
1.955 
0.144 
-2.035 
-1.375 
1.355 
2.381 
0.283 
-2.116 
-1.875 
0.143 
1.023 
0.069 
-0.779 
-0.352 
0.143 
-0.485 
-1.264 
-0.654 
0.776 
0.929 
-0.813 
-2.622 
-2.555 
-0.765 
1.03 
1.363 
-0.228 
-3.254 
-6.069 
-6.299 
-2.908 
2.068 
5.045 
4.603 
2.759 
2.058 
2.427 
1.974 
0.219 
-1.089 
-0.529 
0.984 
1.527 
0.617 
-0.588 
-0.993 
-0.5 
0.485 
1.4 
1.409 
0.085 
-1.452 
-1.228 
0.96 
2.613 
1.469 
-1.246 
-2.144 
-0.232 
1.708 
1.091 
-0.858 
-1.132 
0.487 
1.263 
-0.088 
-1.312 
-0.194 
1.764 
1.447 
-1.02 
-2.156 
-0.189 
2.222 
1.727 
-0.998 
-2.377 
-1.001 
0.809 
0.74 
-0.437 
-0.688 
-0.001 
0.01 
-0.92 
-1.179 
0.016 
1.107 
0.321 
-1.751 
-2.862 
-1.882 
0.147 
1.43 
0.909 
-1.467 
-4.691 
-6.609 
-5.142 
-0.609 
3.848 
5.221 
3.768 
2.24 
2.195 
2.405 
1.269 
-0.552 
-1.068 
0.158 
1.439 
1.268 
0.039 
-0.889 
-0.85 
-0.073 
0.96 
1.567 
0.958 
-0.686 
-1.632 
-0.38 
1.952 
2.463 
0.248 
-2.029 
-1.53 
0.854 
1.773 
0.193 
-1.292 
-0.495 
1.107 
0.846 
-0.855 
-1.111 
0.786 
2.0 
0.412 
-1.924 
-1.601 
1.088 
2.431 
0.566 
-1.985 
-2.036 
-0.051 
1.044 
0.212 
-0.739 
-0.417 
0.148 
-0.38 
-1.233 
-0.783 
0.656 
1.016 
-0.578 
-2.484 
-2.644 
-0.973 
0.896 
1.418 
0.026 
-2.899 
-5.838 
-6.422 
-3.367 
1.601 
4.898 
4.755 
2.916 
2.054 
2.398 
2.098 
0.42 
-1.031 
-0.661 
0.848 
1.547 
0.745 
-0.495 
-0.999 
-0.581 
0.371 
1.324 
1.47 
0.268 
-1.343 
-1.366 
0.701 
2.556 
1.708 
-1.01 
-2.218 
-0.505 
1.608 
1.265 
-0.701 
-1.225 
0.31 
1.288 
0.094 
-1.278 
-0.382 
1.645 
1.607 
-0.793 
-2.2 
-0.463 
2.091 
1.914 
-0.749 
-2.376 
-1.194 
0.71 
0.826 
-0.348 
-0.728 
-0.065 
0.054 
-0.841 
-1.224 
-0.126 
1.066 
0.47 
-1.562 
-2.831 
-2.027 
-0.027 
1.372 
1.025 
-1.214 
-4.442 
-6.569 
-5.413 
-1.03 
3.585 
5.253 
3.933 
2.312 
2.168 
2.442 
1.424 
-0.426 
-1.104 
0.029 
1.382 
1.335 
0.134 
-0.859 
-0.894 
-0.16 
0.874 
1.553 
1.063 
-0.55 
-1.639 
-0.562 
1.802 
2.55 
0.482 
-1.939 
-1.686 
0.678 
1.807 
0.352 
-1.261 
-0.627 
1.033 
0.951 
-0.741 
-1.176 
0.641 
2.019 
0.604 
-1.822 
-1.743 
0.894 
2.457 
0.783 
-1.851 
-2.121 
-0.196 
1.029 
0.293 
-0.712 
-0.461 
0.149 
-0.304 
-1.196 
-0.856 
0.582 
1.078 
-0.415 
-2.39 
-2.71 
-1.119 
0.808 
1.458 
0.187 
-2.683 
-5.7 
-6.504 
-3.668 
1.283 
4.786 
4.853 
3.032 
2.063 
2.38 
2.175 
0.553 
-0.989 
-0.75 
0.756 
1.573 
0.859 
-0.405 
-0.987 
-0.621 
0.319 
1.297 
1.514 
0.387 
-1.253 
-1.422 
0.545 
2.499 
1.849 
-0.828 
-2.214 
-0.657 
1.533 
1.377 
-0.57 
-1.262 
0.182 
1.281 
0.215 
-1.238 
-0.512 
1.539 
1.711 
-0.604 
-2.197 
-0.659 
1.976 
2.053 
-0.534 
-2.347 
-1.335 
0.627 
0.892 
-0.275 
-0.765 
-0.127 
0.086 
-0.766 
-1.24 
-0.223 
1.037 
0.575 
-1.441 
-2.831 
-2.14 
-0.144 
1.337 
1.099 
-1.029 
-4.22 
-6.486 
-5.605 
-1.403 
3.311 
5.247 
4.078 
2.387 
2.132 
2.441 
1.539 
-0.307 
-1.115 
-0.08 
1.324 
1.392 
0.231 
-0.815 
-0.919 
-0.225 
0.799 
1.526 
1.14 
-0.419 
-1.611 
-0.71 
1.636 
2.579 
0.681 
-1.827 
-1.802 
0.51 
1.828 
0.516 
-1.202 
-0.746 
0.946 
1.049 
-0.609 
-1.232 
0.464 
1.995 
0.794 
-1.679 
-1.853 
0.692 
2.462 
1.003 
-1.702 
-2.211 
-0.365 
1.006 
0.393 
-0.673 
-0.526 
0.118 
-0.239 
-1.159 
-0.95 
0.457 
1.096 
-0.26 
-2.284 
-2.779 
-1.297 
0.676 
1.471 
0.358 
-2.414 
-5.497 
-6.569 
-4.031 
0.867 
4.619 
4.966 
3.187 
2.075 
2.337 
2.252 
0.725 
-0.914 
-0.848 
0.623 
1.561 
0.954 
-0.328 
-0.997 
-0.701 
0.209 
1.214 
1.54 
0.53 
-1.144 
-1.515 
0.313 
2.404 
2.025 
-0.6 
-2.233 
-0.894 
1.394 
1.494 
-0.407 
-1.296 
0.035 
1.28 
0.371 
-1.19 
-0.688 
1.378 
1.811 
-0.38 
-2.19 
-0.911 
1.795 
2.177 
-0.292 
-2.317 
-1.533 
0.477 
0.941 
-0.17 
-0.769 
-0.181 
0.12 
-0.687 
-1.271 
-0.362 
0.978 
0.706 
-1.251 
-2.788 
-2.28 
-0.326 
1.264 
1.204 
-0.769 
-3.933 
-6.395 
-5.859 
-1.874 
2.956 
5.212 
4.234 
2.475 
2.101 
2.46 
1.696 
-0.155 
-1.145 
-0.247 
1.223 
1.456 
0.363 
-0.75 
-0.957 
-0.323 
0.696 
1.492 
1.234 
-0.259 
-1.573 
-0.88 
1.443 
2.627 
0.943 
-1.674 
-1.949 
0.276 
1.824 
0.715 
-1.114 
-0.887 
0.817 
1.142 
-0.453 
-1.288 
0.259 
1.968 
1.032 
-1.497 
-1.998 
0.402 
2.413 
1.245 
-1.5 
-2.28 
-0.548 
0.973 
0.504 
-0.62 
-0.585 
0.096 
-0.145 
-1.083 
-1.024 
0.33 
1.114 
-0.079 
-2.132 
-2.818 
-1.48 
0.522 
1.477 
0.549 
-2.114 
-5.266 
-6.61 
-4.378 
0.449 
4.432 
5.067 
3.352 
2.107 
2.297 
2.314 
0.892 
-0.817 
-0.92 
0.494 
1.536 
1.043 
-0.235 
-0.974 
-0.747 
0.121 
1.133 
1.55 
0.663 
-1.015 
-1.568 
0.104 
2.292 
2.174 
-0.365 
-2.207 
-1.087 
1.269 
1.603 
-0.247 
-1.329 
-0.124 
1.252 
0.515 
-1.117 
-0.825 
1.234 
1.905 
-0.15 
-2.142 
-1.116 
1.629 
2.287 
-0.053 
-2.253 
-1.683 
0.354 
0.992 
-0.073 
-0.78 
-0.245 
0.146 
-0.597 
-1.275 
-0.485 
0.907 
0.816 
-1.06 
-2.718 
-2.397 
-0.513 
1.165 
1.286 
-0.506 
-3.613 
-6.254 
-6.073 
-2.339 
2.583 
5.172 
4.418 
2.6 
2.076 
2.446 
1.825 
0.017 
-1.112 
-0.358 
1.135 
1.501 
0.48 
-0.678 
-0.97 
-0.394 
0.615 
1.464 
1.319 
-0.108 
-1.527 
-1.037 
1.237 
2.632 
1.176 
-1.494 
-2.038 
0.064 
1.787 
0.878 
-1.017 
-1.004 
0.678 
1.201 
-0.302 
-1.312 
0.06 
1.889 
1.214 
-1.304 
-2.08 
0.152 
2.348 
1.461 
-1.292 
-2.335 
-0.747 
0.904 
0.602 
-0.552 
-0.636 
0.054 
-0.081 
-1.027 
-1.109 
0.186 
1.114 
0.095 
-1.983 
-2.86 
-1.661 
0.377 
1.481 
0.713 
-1.849 
-5.043 
-6.631 
-4.715 
0.005 
4.204 
5.15 
3.525 
2.145 
2.243 
2.359 
1.061 
-0.708 
-0.993 
0.35 
1.504 
1.147 
-0.114 
-0.932 
-0.783 
0.041 
1.058 
1.563 
0.799 
-0.874 
-1.604 
-0.1 
2.173 
2.327 
-0.095 
-2.138 
-1.27 
1.118 
1.695 
-0.065 
-1.332 
-0.29 
1.198 
0.661 
-1.009 
-0.947 
1.055 
1.959 
0.093 
-2.052 
-1.316 
1.419 
2.371 
0.219 
-2.143 
-1.835 
0.189 
1.021 
0.046 
-0.766 
-0.309 
0.162 
-0.505 
-1.275 
-0.622 
0.816 
0.924 
-0.854 
-2.638 
-2.51 
-0.689 
1.081 
1.358 
-0.278 
-3.314 
-6.09 
-6.242 
-2.785 
2.183 
5.083 
4.569 
2.721 
2.061 
2.442 
1.958 
0.18 
-1.105 
-0.505 
1.014 
1.528 
0.596 
-0.601 
-0.985 
-0.48 
0.504 
1.407 
1.395 
0.059 
-1.456 
-1.187 
1.012 
2.613 
1.407 
-1.302 
-2.131 
-0.179 
1.724 
1.053 
-0.885 
-1.105 
0.523 
1.245 
-0.133 
-1.308 
-0.139 
1.782 
1.378 
-1.104 
-2.157 
-0.123 
2.248 
1.668 
-1.063 
-2.364 
-0.939 
0.836 
0.714 
-0.459 
-0.677 
-0.002 
-0.035 
-0.965 
-1.17 
0.059 
1.112 
0.267 
-1.806 
-2.859 
-1.828 
0.197 
1.43 
0.845 
-1.577 
-4.792 
-6.62 
-5.031 
-0.447 
3.94 
5.197 
3.699 
2.213 
2.211 
2.4 
1.223 
-0.588 
-1.048 
0.205 
1.45 
1.229 
-0.013 
-0.918 
-0.854 
-0.061 
0.975 
1.557 
0.902 
-0.755 
-1.638 
-0.304 
2.019 
2.422 
0.134 
-2.077 
-1.456 
0.943 
1.756 
0.105 
-1.32 
-0.436 
1.148 
0.803 
-0.9 
-1.061 
0.874 
1.99 
0.304 
-1.978 
-1.519 
1.194 
2.415 
0.457 
-2.028 
-1.953 
0.046 
1.047 
0.163 
-0.737 
-0.366 
0.163 
-0.42 
-1.248 
-0.724 
0.717 
0.984 
-0.685 
-2.557 
-2.613 
-0.881 
0.963 
1.402 
-0.078 
-3.046 
-5.931 
-6.362 
-3.159 
1.817 
4.976 
4.698 
2.851 
2.062 
2.422 
2.054 
0.336 
-1.053 
-0.591 
0.927 
1.551 
0.69 
-0.539 
-0.993 
-0.536 
0.43 
1.366 
1.456 
0.207 
-1.369 
-1.285 
0.831 
2.59 
1.602 
-1.119 
-2.182 
-0.367 
1.676 
1.205 
-0.764 
-1.181 
0.395 
1.286 
0.019 
-1.291 
-0.297 
1.703 
1.541 
-0.897 
-2.193 
-0.353 
2.153 
1.85 
-0.841 
-2.373 
-1.115 
0.752 
0.791 
-0.393 
-0.73 
-0.057 
0.03 
-0.867 
-1.197 
-0.063 
1.085 
0.411 
-1.641 
-2.848 
-1.967 
0.052 
1.401 
0.968 
-1.337 
-4.559 
-6.589 
-5.299 
-0.855 
3.694 
5.239 
3.858 
2.267 
2.163 
2.421 
1.363 
-0.475 
-1.088 
0.086 
1.411 
1.307 
0.084 
-0.888 
-0.891 
-0.131 
0.91 
1.564 
1.022 
-0.609 
-1.636 
-0.476 
1.876 
2.507 
0.359 
-1.995 
-1.613 
0.771 
1.795 
0.266 
-1.29 
-0.57 
1.071 
0.904 
-0.795 
-1.144 
0.709 
2.006 
0.515 
-1.856 
-1.657 
0.992 
2.439 
0.679 
-1.904 
-2.07 
-0.13 
1.025 
0.25 
-0.722 
-0.442 
0.138 
-0.351 
-1.223 
-0.833 
0.602 
1.034 
-0.504 
-2.447 
-2.692 
-1.06 
0.843 
1.428 
0.095 
-2.794 
-5.761 
-6.458 
-3.529 
1.424 
4.836 
4.812 
2.98 
2.051 
2.376 
2.13 
0.485 
-1.014 
-0.709 
0.805 
1.569 
0.808 
-0.453 
-1.003 
-0.614 
0.331 
1.301 
1.489 
0.331 
-1.296 
-1.4 
0.611 
2.52 
1.779 
-0.919 
-2.223 
-0.591 
1.569 
1.332 
-0.622 
-1.237 
0.25 
1.292 
0.158 
-1.271 
-0.472 
1.577 
1.665 
-0.687 
-2.204 
-0.577 
2.031 
1.999 
-0.631 
-2.372 
-1.283 
0.663 
0.865 
-0.308 
-0.749 
-0.094 
0.079 
-0.8 
-1.24 
-0.181 
1.06 
0.541 
-1.491 
-2.84 
-2.108 
-0.114 
1.34 
1.079 
-1.076 
-4.286 
-6.518 
-5.544 
-1.266 
3.418 
5.249 
4.017 
2.354 
2.148 
2.443 
1.49 
-0.356 
-1.104 
-0.025 
1.355 
1.371 
0.194 
-0.824 
-0.894 
-0.18 
0.846 
1.546 
1.105 
-0.482 
-1.625 
-0.639 
1.716 
2.57 
0.594 
-1.873 
-1.742 
0.592 
1.817 
0.432 
-1.24 
-0.697 
0.989 
1.012 
-0.663 
-1.206 
0.544 
2.008 
0.712 
-1.743 
-1.807 
0.779 
2.462 
0.915 
-1.756 
-2.162 
-0.283 
1.023 
0.353 
-0.692 
-0.501 
0.135 
-0.255 
-1.164 
-0.908 
0.508 
1.091 
-0.315 
-2.317 
-2.741 
-1.215 
0.734 
1.458 
0.271 
-2.532 
-5.568 
-6.517 
-3.861 
1.05 
4.697 
4.928 
3.122 
2.056 
2.338 
2.214 
0.658 
-0.941 
-0.81 
0.672 
1.56 
0.912 
-0.359 
-0.992 
-0.673 
0.243 
1.239 
1.528 
0.475 
-1.188 
-1.478 
0.414 
2.46 
1.973 
-0.684 
-2.23 
-0.806 
1.45 
1.454 
-0.47 
-1.289 
0.086 
1.283 
0.317 
-1.216 
-0.644 
1.423 
1.786 
-0.436 
-2.182 
-0.834 
1.845 
2.139 
-0.363 
-2.329 
-1.484 
0.515 
0.927 
-0.201 
-0.771 
-0.166 
0.116 
-0.707 
-1.271 
-0.334 
0.997 
0.688 
-1.282 
-2.788 
-2.243 
-0.286 
1.272 
1.169 
-0.838 
-4.005 
-6.417 
-5.792 
-1.743 
3.067 
5.241 
4.205 
2.449 
2.094 
2.433 
1.636 
-0.198 
-1.123 
-0.185 
1.257 
1.435 
0.323 
-0.768 
-0.945 
-0.295 
0.728 
1.504 
1.201 
-0.323 
-1.604 
-0.842 
1.498 
2.617 
0.87 
-1.718 
-1.909 
0.339 
1.819 
0.652 
-1.146 
-0.856 
0.848 
1.117 
-0.492 
-1.273 
0.309 
1.972 
0.976 
-1.533 
-1.955 
0.474 
2.419 
1.178 
-1.558 
-2.274 
-0.51 
0.986 
0.491 
-0.623 
-0.57 
0.095 
-0.176 
-1.113 
-1.019 
0.352 
1.112 
-0.116 
-2.171 
-2.822 
-1.45 
0.551 
1.471 
0.5 
-2.186 
-5.317 
-6.6 
-4.308 
0.529 
4.464 
5.041 
3.307 
2.081 
2.28 
2.282 
0.85 
-0.84 
-0.913 
0.508 
1.534 
1.03 
-0.243 
-0.978 
-0.752 
0.122 
1.144 
1.554 
0.641 
-1.043 
-1.562 
0.145 
2.319 
2.154 
-0.4 
-2.209 
-1.061 
1.275 
1.575 
-0.272 
-1.323 
-0.108 
1.249 
0.502 
-1.109 
-0.797 
1.245 
1.883 
-0.178 
-2.144 
-1.099 
1.633 
2.268 
-0.072 
-2.25 
-1.665 
0.362 
0.981 
-0.085 
-0.781 
-0.244 
0.132 
-0.618 
-1.274 
-0.457 
0.931 
0.803 
-1.097 
-2.737 
-2.376 
-0.476 
1.182 
1.262 
-0.567 
-3.687 
-6.291 
-6.027 
-2.223 
2.687 
5.19 
4.37 
2.567 
2.089 
2.457 
1.789 
-0.037 
-1.125 
-0.328 
1.155 
1.48 
0.445 
-0.692 
-0.96 
-0.378 
0.629 
1.474 
1.314 
-0.128 
-1.533 
-1.005 
1.283 
2.639 
1.135 
-1.53 
-2.024 
0.103 
1.793 
0.846 
-1.033 
-0.971 
0.723 
1.208 
-0.321 
-1.306 
0.102 
1.912 
1.182 
-1.349 
-2.071 
0.208 
2.38 
1.432 
-1.336 
-2.33 
-0.7 
0.938 
0.599 
-0.559 
-0.625 
0.067 
-0.085 
-1.028 
-1.083 
0.226 
1.131 
0.084 
-1.988 
-2.836 
-1.624 
0.4 
1.479 
0.688 
-1.892 
-5.081 
-6.621 
-4.643 
0.095 
4.25 
5.139 
3.501 
2.144 
2.253 
2.353 
1.043 
-0.713 
-0.977 
0.368 
1.505 
1.137 
-0.123 
-0.938 
-0.782 
0.055 
1.081 
1.574 
0.785 
-0.893 
-1.6 
-0.073 
2.187 
2.307 
-0.129 
-2.152 
-1.263 
1.118 
1.678 
-0.08 
-1.322 
-0.264 
1.211 
0.653 
-1.021 
-0.945 
1.062 
1.954 
0.075 
-2.066 
-1.321 
1.409 
2.344 
0.189 
-2.154 
-1.825 
0.2 
1.018 
0.036 
-0.769 
-0.309 
0.154 
-0.514 
-1.269 
-0.605 
0.821 
0.902 
-0.887 
-2.654 
-2.506 
-0.685 
1.071 
1.337 
-0.307 
-3.345 
-6.108 
-6.228 
-2.746 
2.213 
5.081 
4.547 
2.707 
2.056 
2.43 
1.939 
0.173 
-1.092 
-0.487 
1.02 
1.525 
0.589 
-0.611 
-0.999 
-0.487 
0.511 
1.419 
1.398 
0.052 
-1.463 
-1.193 
1.003 
2.604 
1.407 
-1.292 
-2.125 
-0.179 
1.724 
1.053 
-0.893 
-1.12 
0.516 
1.251 
-0.131 
-1.323 
-0.153 
1.794 
1.407 
-1.092 
-2.174 
-0.144 
2.251 
1.689 
-1.055 
-2.385 
-0.972 
0.812 
0.702 
-0.467 
-0.683 
0.003 
-0.018 
-0.953 
-1.178 
0.041 
1.112 
0.296 
-1.773 
-2.857 
-1.856 
0.172 
1.436 
0.88 
-1.533 
-4.759 
-6.621 
-5.081 
-0.525 
3.889 
5.203 
3.73 
2.22 
2.193 
2.4 
1.252 
-0.567 
-1.066 
0.173 
1.446 
1.254 
0.011 
-0.91 
-0.857 
-0.076 
0.95 
1.553 
0.946 
-0.693 
-1.631 
-0.365 
1.968 
2.454 
0.21 
-2.059 
-1.522 
0.878 
1.767 
0.155 
-1.314 
-0.483 
1.116 
0.824 
-0.874 
-1.082 
0.836 
2.005 
0.37 
-1.938 
-1.548 
1.154 
2.438 
0.525 
-1.999 
-1.995 
-0.004 
1.048 
0.191 
-0.741 
-0.4 
0.15 
-0.4 
-1.241 
-0.757 
0.691 
1.016 
-0.616 
-2.518 
-2.637 
-0.933 
0.932 
1.419 
-0.012 
-2.952 
-5.867 
-6.393 
-3.285 
1.684 
4.93 
4.734 
2.891 
2.059 
2.414 
2.09 
0.391 
-1.047 
-0.648 
0.871 
1.558 
0.748 
-0.488 
-0.988 
-0.572 
0.381 
1.335 
1.471 
0.26 
-1.338 
-1.334 
0.735 
2.556 
1.678 
-1.024 
-2.185 
-0.451 
1.638 
1.262 
-0.708 
-1.214 
0.331 
1.3 
0.093 
-1.276 
-0.37 
1.657 
1.607 
-0.801 
-2.201 
-0.452 
2.102 
1.912 
-0.759 
-2.378 
-1.182 
0.724 
0.831 
-0.347 
-0.724 
-0.063 
0.049 
-0.848 
-1.223 
-0.116 
1.071 
0.464 
-1.573 
-2.837 
-2.024 
-0.019 
1.383 
1.035 
-1.204 
-4.429 
-6.559 
-5.42 
-1.06 
3.551 
5.241 
3.941 
2.313 
2.152 
2.43 
1.432 
-0.413 
-1.108 
0.013 
1.379 
1.347 
0.142 
-0.864 
-0.901 
-0.163 
0.865 
1.541 
1.065 
-0.53 
-1.627 
-0.577 
1.778 
2.546 
0.493 
-1.94 
-1.705 
0.667 
1.82 
0.369 
-1.264 
-0.647 
1.026 
0.967 
-0.725 
-1.189 
0.605 
1.995 
0.613 
-1.802 
-1.748 
0.866 
2.447 
0.811 
-1.818 
-2.122 
-0.218 
1.027 
0.316 
-0.703 
-0.484 
0.126 
-0.298 
-1.185 
-0.874 
0.547 
1.066 
-0.4 
-2.385 
-2.733 
-1.15 
0.791 
1.458 
0.204 
-2.64 
-5.65 
-6.503 
-3.742 
1.189 
4.749 
4.882 
3.069 
2.063 
2.365 
2.19 
0.594 
-0.964 
-0.764 
0.723 
1.556 
0.868 
-0.389 
-0.991 
-0.657 
0.263 
1.256 
1.516 
0.423 
-1.232 
-1.453 
0.486 
2.479 
1.895 
-0.774 
-2.228 
-0.729 
1.49 
1.406 
-0.529 
-1.281 
0.134 
1.286 
0.27 
-1.23 
-0.588 
1.472 
1.744 
-0.521 
-2.191 
-0.745 
1.913 
2.089 
-0.462 
-2.343 
-1.399 
0.58 
0.906 
-0.243 
-0.757 
-0.129 
0.104 
-0.752 
-1.269 
-0.282 
1.01 
0.617 
-1.369 
-2.806 
-2.192 
-0.228 
1.299 
1.155 
-0.9 
-4.098 
-6.467 
-5.727 
-1.599 
3.173 
5.245 
4.157 
2.434 
2.12 
2.444 
1.604 
-0.239 
-1.128 
-0.154 
1.287 
1.436 
0.298 
-0.787 
-0.93 
-0.248 
0.774 
1.515 
1.174 
-0.349 
-1.581 
-0.765 
1.567 
2.601 
0.779 
-1.778 
-1.861 
0.432 
1.831 
0.573 
-1.192 
-0.799 
0.913 
1.082 
-0.571 
-1.259 
0.406 
1.996 
0.867 
-1.625 
-1.891 
0.609 
2.444 
1.079 
-1.619 
-2.205 
-0.409 
0.996 
0.435 
-0.638 
-0.53 
0.116 
-0.204 
-1.125 
-0.967 
0.418 
1.106 
-0.198 
-2.245 
-2.806 
-1.351 
0.655 
1.495 
0.412 
-2.341 
-5.434 
-6.57 
-4.111 
0.776 
4.595 
5.004 
3.215 
2.062 
2.322 
2.272 
0.762 
-0.896 
-0.858 
0.603 
1.549 
0.962 
-0.297 
-0.966 
-0.703 
0.171 
1.182 
1.544 
0.554 
-1.137 
-1.537 
0.285 
2.398 
2.052 
-0.558 
-2.213 
-0.911 
1.374 
1.512 
-0.367 
-1.293 
-0.004 
1.266 
0.417 
-1.147 
-0.711 
1.334 
1.832 
-0.313 
-2.177 
-0.973 
1.755 
2.222 
-0.229 
-2.319 
-1.577 
0.466 
0.966 
-0.163 
-0.789 
-0.186 
0.141 
-0.675 
-1.285 
-0.377 
0.983 
0.725 
-1.229 
-2.771 
-2.296 
-0.391 
1.2 
1.219 
-0.666 
-3.831 
-6.379 
-5.935 
-1.989 
2.862 
5.187 
4.284 
2.54 
2.109 
2.422 
1.694 
-0.101 
-1.11 
-0.279 
1.189 
1.484 
0.41 
-0.755 
-0.99 
-0.323 
0.712 
1.472 
1.213 
-0.221 
-1.526 
-0.923 
1.348 
2.62 
1.036 
-1.629 
-2.018 
0.213 
1.861 
0.766 
-1.145 
-0.938 
0.84 
1.186 
-0.481 
-1.34 
0.27 
1.997 
0.994 
-1.539 
-1.949 
0.461 
2.357 
1.172 
-1.426 
-2.172 
-0.635 
0.801 
0.572 
-0.402 
-0.66 
-0.218 
-0.051 
-0.604 
-1.525 
-2.276 
-2.378 
-1.458 
0.239 
1.483 
0.793 
-2.073 
-5.42 
-6.616 
-4.231 
0.467 
4.309 
5.061 
3.498 
2.169 
2.21 
2.284 
1.001 
-0.746 
-0.985 
0.441 
1.608 
1.127 
-0.254 
-1.016 
-0.705 
0.185 
1.123 
1.525 
0.718 
-0.933 
-1.567 
0.059 
2.316 
2.262 
-0.317 
-2.221 
-1.086 
1.308 
1.622 
-0.26 
-1.317 
-0.078 
1.276 
0.504 
-1.108 
-0.782 
1.254 
1.885 
-0.145 
-2.09 
-1.083 
1.604 
2.269 
-0.012 
-2.207 
-1.695 
0.321 
1.009 
-0.027 
-0.774 
-0.266 
0.163 
-0.548 
-1.262 
-0.515 
0.907 
0.869 
-1.015 
-2.722 
-2.408 
-0.493 
1.191 
1.287 
-0.507 
-3.592 
-6.23 
-6.061 
-2.308 
2.645 
5.213 
4.402 
2.572 
2.092 
2.481 
1.821 
-0.016 
-1.111 
-0.319 
1.154 
1.479 
0.463 
-0.665 
-0.959 
-0.403 
0.618 
1.498 
1.345 
-0.121 
-1.541 
-1.01 
1.277 
2.634 
1.149 
-1.499 
-2.009 
0.089 
1.788 
0.879 
-0.997 
-0.979 
0.686 
1.196 
-0.304 
-1.301 
0.081 
1.905 
1.206 
-1.326 
-2.079 
0.19 
2.377 
1.436 
-1.342 
-2.338 
-0.696 
0.943 
0.593 
-0.561 
-0.606 
0.093 
-0.078 
-1.034 
-1.078 
0.237 
1.128 
0.068 
-1.993 
-2.829 
-1.626 
0.385 
1.472 
0.699 
-1.881 
-5.081 
-6.618 
-4.628 
0.106 
4.246 
5.133 
3.508 
2.152 
2.246 
2.341 
1.041 
-0.709 
-0.977 
0.368 
1.513 
1.14 
-0.139 
-0.957 
-0.783 
0.067 
1.081 
1.561 
0.782 
-0.882 
-1.592 
-0.079 
2.18 
2.304 
-0.134 
-2.156 
-1.252 
1.135 
1.673 
-0.109 
-1.337 
-0.246 
1.229 
0.641 
-1.037 
-0.929 
1.09 
1.943 
0.034 
-2.076 
-1.277 
1.457 
2.351 
0.177 
-2.142 
-1.79 
0.221 
1.016 
0.034 
-0.76 
-0.302 
0.152 
-0.514 
-1.258 
-0.587 
0.833 
0.902 
-0.896 
-2.661 
-2.492 
-0.647 
1.108 
1.339 
-0.346 
-3.393 
-6.126 
-6.195 
-2.673 
2.287 
5.111 
4.527 
2.679 
2.062 
2.453 
1.931 
0.133 
-1.111 
-0.462 
1.046 
1.507 
0.551 
-0.621 
-0.976 
-0.466 
0.516 
1.419 
1.386 
0.017 
-1.488 
-1.159 
1.076 
2.628 
1.348 
-1.355 
-2.103 
-0.104 
1.752 
1.011 
-0.926 
-1.094 
0.552 
1.238 
-0.164 
-1.307 
-0.092 
1.818 
1.361 
-1.14 
-2.148 
-0.067 
2.283 
1.637 
-1.121 
-2.379 
-0.903 
0.864 
0.696 
-0.491 
-0.678 
0.021 
-0.023 
-0.968 
-1.159 
0.085 
1.118 
0.238 
-1.839 
-2.856 
-1.791 
0.236 
1.446 
0.831 
-1.621 
-4.842 
-6.626 
-4.966 
-0.349 
3.999 
5.188 
3.658 
2.188 
2.204 
2.388 
1.198 
-0.607 
-1.044 
0.225 
1.467 
1.23 
-0.025 
-0.925 
-0.838 
-0.024 
1.011 
1.575 
0.905 
-0.749 
-1.618 
-0.278 
2.032 
2.41 
0.109 
-2.091 
-1.445 
0.961 
1.756 
0.09 
-1.32 
-0.415 
1.159 
0.783 
-0.923 
-1.049 
0.907 
1.997 
0.277 
-1.992 
-1.491 
1.229 
2.411 
0.426 
-2.039 
-1.936 
0.054 
1.023 
0.128 
-0.757 
-0.375 
0.145 
-0.442 
-1.254 
-0.714 
0.722 
0.967 
-0.714 
-2.572 
-2.601 
-0.851 
0.983 
1.392 
-0.121 
-3.1 
-5.96 
-6.341 
-3.094 
1.884 
5.001 
4.672 
2.81 
2.039 
2.411 
2.025 
0.286 
-1.089 
-0.59 
0.944 
1.552 
0.673 
-0.549 
-0.985 
-0.519 
0.443 
1.367 
1.433 
0.159 
-1.409 
-1.281 
0.862 
2.589 
1.548 
-1.171 
-2.18 
-0.339 
1.667 
1.153 
-0.797 
-1.164 
0.418 
1.266 
-0.023 
-1.298 
-0.265 
1.715 
1.502 
-0.94 
-2.18 
-0.297 
2.177 
1.806 
-0.904 
-2.386 
-1.079 
0.776 
0.774 
-0.414 
-0.716 
-0.03 
0.024 
-0.901 
-1.211 
-0.045 
1.089 
0.369 
-1.695 
-2.86 
-1.933 
0.089 
1.411 
0.949 
-1.381 
-4.611 
-6.604 
-5.237 
-0.746 
3.766 
5.231 
3.815 
2.253 
2.175 
2.411 
1.322 
-0.502 
-1.075 
0.111 
1.414 
1.289 
0.071 
-0.883 
-0.872 
-0.108 
0.924 
1.553 
0.99 
-0.631 
-1.62 
-0.438 
1.891 
2.477 
0.313 
-2.015 
-1.597 
0.794 
1.796 
0.252 
-1.291 
-0.554 
1.076 
0.881 
-0.816 
-1.128 
0.748 
2.007 
0.462 
-1.898 
-1.63 
1.051 
2.441 
0.613 
-1.954 
-2.044 
-0.07 
1.042 
0.222 
-0.737 
-0.424 
0.153 
-0.36 
-1.22 
-0.792 
0.645 
1.029 
-0.547 
-2.474 
-2.673 
-1.018 
0.872 
1.428 
0.059 
-2.857 
-5.806 
-6.424 
-3.409 
1.549 
4.879 
4.772 
2.935 
2.056 
2.4 
2.118 
0.442 
-1.034 
-0.685 
0.834 
1.558 
0.766 
-0.484 
-1.0 
-0.585 
0.368 
1.325 
1.477 
0.284 
-1.331 
-1.373 
0.678 
2.541 
1.72 
-0.984 
-2.209 
-0.522 
1.59 
1.272 
-0.682 
-1.226 
0.29 
1.283 
0.111 
-1.273 
-0.413 
1.614 
1.624 
-0.747 
-2.192 
-0.508 
2.059 
1.946 
-0.693 
-2.366 
-1.23 
0.688 
0.843 
-0.33 
-0.74 
-0.084 
0.056 
-0.83 
-1.231 
-0.14 
1.077 
0.507 
-1.54 
-2.847 
-2.066 
-0.06 
1.363 
1.05 
-1.151 
-4.37 
-6.547 
-5.478 
-1.144 
3.506 
5.253 
3.975 
2.332 
2.154 
2.438 
1.457 
-0.386 
-1.105 
-0.014 
1.347 
1.34 
0.159 
-0.855 
-0.922 
-0.198 
0.845 
1.549 
1.094 
-0.502 
-1.626 
-0.614 
1.738 
2.554 
0.552 
-1.899 
-1.736 
0.6 
1.798 
0.399 
-1.248 
-0.675 
1.001 
0.986 
-0.7 
-1.208 
0.57 
2.011 
0.675 
-1.77 
-1.778 
0.827 
2.452 
0.841 
-1.814 
-2.149 
-0.239 
1.029 
0.322 
-0.708 
-0.49 
0.133 
-0.284 
-1.179 
-0.882 
0.535 
1.066 
-0.381 
-2.363 
-2.736 
-1.181 
0.765 
1.468 
0.245 
-2.601 
-5.636 
-6.509 
-3.759 
1.166 
4.731 
4.882 
3.078 
2.061 
2.348 
2.173 
0.591 
-0.964 
-0.77 
0.716 
1.55 
0.859 
-0.4 
-0.99 
-0.639 
0.281 
1.259 
1.514 
0.432 
-1.219 
-1.457 
0.466 
2.464 
1.898 
-0.763 
-2.219 
-0.724 
1.489 
1.399 
-0.533 
-1.271 
0.148 
1.285 
0.255 
-1.234 
-0.573 
1.482 
1.73 
-0.544 
-2.196 
-0.733 
1.921 
2.086 
-0.469 
-2.349 
-1.404 
0.581 
0.913 
-0.241 
-0.77 
-0.143 
0.105 
-0.736 
-1.257 
-0.278 
1.014 
0.619 
-1.38 
-2.821 
-2.191 
-0.212 
1.303 
1.137 
-0.917 
-4.096 
-6.455 
-5.717 
-1.583 
3.195 
5.247 
4.127 
2.398 
2.109 
2.446 
1.591 
-0.259 
-1.127 
-0.138 
1.283 
1.404 
0.273 
-0.789 
-0.936 
-0.273 
0.754 
1.518 
1.177 
-0.372 
-1.607 
-0.76 
1.589 
2.606 
0.767 
-1.775 
-1.838 
0.444 
1.82 
0.562 
-1.188 
-0.797 
0.897 
1.061 
-0.578 
-1.256 
0.407 
1.992 
0.86 
-1.638 
-1.904 
0.607 
2.446 
1.06 
-1.659 
-2.232 
-0.404 
1.008 
0.425 
-0.66 
-0.538 
0.115 
-0.216 
-1.142 
-0.966 
0.431 
1.105 
-0.21 
-2.235 
-2.774 
-1.329 
0.65 
1.484 
0.41 
-2.35 
-5.453 
-6.566 
-4.068 
0.819 
4.594 
4.976 
3.207 
2.078 
2.325 
2.251 
0.745 
-0.893 
-0.849 
0.603 
1.543 
0.952 
-0.315 
-0.979 
-0.69 
0.205 
1.205 
1.546 
0.56 
-1.112 
-1.511 
0.293 
2.393 
2.044 
-0.573 
-2.228 
-0.91 
1.386 
1.506 
-0.397 
-1.309 
0.014 
1.281 
0.396 
-1.172 
-0.699 
1.362 
1.824 
-0.346 
-2.178 
-0.937 
1.769 
2.193 
-0.253 
-2.304 
-1.556 
0.458 
0.951 
-0.158 
-0.785 
-0.203 
0.128 
-0.659 
-1.268 
-0.393 
0.959 
0.731 
-1.207 
-2.773 
-2.303 
-0.361 
1.242 
1.21 
-0.724 
-3.864 
-6.359 
-5.907 
-1.984 
2.871 
5.208 
4.278 
2.5 
2.091 
2.453 
1.72 
-0.119 
-1.13 
-0.259 
1.203 
1.444 
0.36 
-0.751 
-0.961 
-0.333 
0.685 
1.49 
1.248 
-0.241 
-1.571 
-0.902 
1.415 
2.62 
0.96 
-1.656 
-1.951 
0.26 
1.818 
0.721 
-1.114 
-0.907 
0.794 
1.136 
-0.448 
-1.292 
0.243 
1.961 
1.04 
-1.49 
-2.005 
0.393 
2.418 
1.255 
-1.504 
-2.297 
-0.555 
0.984 
0.516 
-0.623 
-0.598 
0.09 
-0.143 
-1.087 
-1.04 
0.315 
1.118 
-0.055 
-2.11 
-2.813 
-1.487 
0.521 
1.487 
0.563 
-2.103 
-5.259 
-6.612 
-4.403 
0.403 
4.395 
5.063 
3.365 
2.104 
2.27 
2.294 
0.899 
-0.805 
-0.93 
0.476 
1.539 
1.069 
-0.213 
-0.973 
-0.756 
0.116 
1.133 
1.561 
0.691 
-0.987 
-1.573 
0.068 
2.274 
2.209 
-0.308 
-2.19 
-1.118 
1.243 
1.618 
-0.219 
-1.33 
-0.144 
1.257 
0.55 
-1.096 
-0.843 
1.207 
1.912 
-0.113 
-2.125 
-1.143 
1.593 
2.29 
-0.014 
-2.225 
-1.688 
0.343 
1.008 
-0.039 
-0.761 
-0.243 
0.156 
-0.573 
-1.261 
-0.493 
0.903 
0.842 
-1.023 
-2.707 
-2.417 
-0.533 
1.171 
1.317 
-0.457 
-3.556 
-6.216 
-6.088 
-2.401 
2.525 
5.157 
4.434 
2.611 
2.075 
2.456 
1.85 
0.03 
-1.128 
-0.384 
1.124 
1.508 
0.49 
-0.674 
-0.972 
-0.406 
0.592 
1.45 
1.337 
-0.071 
-1.509 
-1.057 
1.211 
2.642 
1.217 
-1.472 
-2.062 
0.026 
1.783 
0.907 
-1.001 
-1.023 
0.658 
1.217 
-0.266 
-1.305 
0.034 
1.878 
1.243 
-1.273 
-2.092 
0.115 
2.342 
1.497 
-1.26 
-2.338 
-0.763 
0.91 
0.622 
-0.546 
-0.646 
0.055 
-0.061 
-1.01 
-1.111 
0.181 
1.129 
0.128 
-1.955 
-2.856 
-1.68 
0.35 
1.462 
0.717 
-1.822 
-5.01 
-6.619 
-4.738 
-0.039 
4.174 
5.155 
3.552 
2.162 
2.238 
2.353 
1.068 
-0.703 
-1.01 
0.325 
1.499 
1.168 
-0.097 
-0.942 
-0.807 
0.026 
1.057 
1.572 
0.82 
-0.85 
-1.606 
-0.139 
2.133 
2.33 
-0.064 
-2.14 
-1.323 
1.07 
1.706 
-0.023 
-1.317 
-0.308 
1.194 
0.689 
-0.993 
-0.973 
1.021 
1.965 
0.127 
-2.049 
-1.365 
1.364 
2.361 
0.249 
-2.121 
-1.845 
0.172 
1.023 
0.06 
-0.766 
-0.324 
0.158 
-0.488 
-1.26 
-0.635 
0.791 
0.924 
-0.826 
-2.618 
-2.527 
-0.726 
1.061 
1.367 
-0.26 
-3.3 
-6.081 
-6.236 
-2.786 
2.178 
5.085 
4.579 
2.728 
2.056 
2.431 
1.95 
0.174 
-1.11 
-0.503 
1.027 
1.543 
0.601 
-0.606 
-0.991 
-0.481 
0.505 
1.408 
1.395 
0.057 
-1.461 
-1.19 
1.015 
2.614 
1.397 
-1.317 
-2.135 
-0.168 
1.734 
1.05 
-0.894 
-1.105 
0.529 
1.244 
-0.144 
-1.315 
-0.132 
1.797 
1.388 
-1.099 
-2.149 
-0.112 
2.253 
1.661 
-1.076 
-2.373 
-0.938 
0.842 
0.713 
-0.468 
-0.684 
0.003 
-0.024 
-0.96 
-1.175 
0.051 
1.109 
0.272 
-1.796 
-2.846 
-1.812 
0.213 
1.443 
0.853 
-1.577 
-4.799 
-6.627 
-5.03 
-0.436 
3.951 
5.2 
3.695 
2.21 
2.21 
2.397 
1.213 
-0.6 
-1.054 
0.21 
1.464 
1.241 
-0.012 
-0.922 
-0.851 
-0.047 
0.989 
1.567 
0.916 
-0.733 
-1.624 
-0.311 
2.007 
2.432 
0.164 
-2.064 
-1.48 
0.912 
1.756 
0.129 
-1.311 
-0.454 
1.129 
0.806 
-0.887 
-1.057 
0.873 
2.001 
0.326 
-1.966 
-1.523 
1.192 
2.431 
0.482 
-2.019 
-1.971 
0.019 
1.033 
0.164 
-0.739 
-0.382 
0.147 
-0.418 
-1.229 
-0.71 
0.715 
0.979 
-0.68 
-2.547 
-2.612 
-0.887 
0.962 
1.407 
-0.079 
-3.054 
-5.934 
-6.356 
-3.156 
1.81 
4.969 
4.698 
2.849 
2.048 
2.409 
2.058 
0.348 
-1.058 
-0.617 
0.904 
1.553 
0.705 
-0.534 
-1.006 
-0.554 
0.421 
1.366 
1.455 
0.194 
-1.394 
-1.312 
0.813 
2.579 
1.592 
-1.126 
-2.179 
-0.358 
1.673 
1.186 
-0.779 
-1.175 
0.408 
1.279 
-0.006 
-1.307 
-0.291 
1.708 
1.526 
-0.911 
-2.176 
-0.315 
2.165 
1.819 
-0.877 
-2.37 
-1.083 
0.765 
0.77 
-0.414 
-0.72 
-0.034 
0.028 
-0.894 
-1.212 
-0.048 
1.1 
0.396 
-1.672 
-2.855 
-1.939 
0.086 
1.413 
0.956 
-1.36 
-4.578 
-6.582 
-5.252 
-0.785 
3.737 
5.23 
3.828 
2.261 
2.182 
2.427 
1.341 
-0.494 
-1.08 
0.106 
1.418 
1.303 
0.086 
-0.877 
-0.881 
-0.123 
0.919 
1.563 
1.001 
-0.635 
-1.64 
-0.457 
1.886 
2.489 
0.335 
-1.994 
-1.589 
0.787 
1.787 
0.251 
-1.288 
-0.553 
1.081 
0.894 
-0.806 
-1.133 
0.735 
2.011 
0.484 
-1.888 
-1.649 
1.026 
2.445 
0.643 
-1.931 
-2.042 
-0.074 
1.048 
0.232 
-0.735 
-0.428 
0.151 
-0.36 
-1.222 
-0.796 
0.641 
1.025 
-0.552 
-2.472 
-2.662 
-1.006 
0.876 
1.425 
0.06 
-2.85 
-5.801 
-6.426 
-3.416 
1.545 
4.88 
4.776 
2.936 
2.05 
2.392 
2.118 
0.452 
-1.024 
-0.682 
0.831 
1.555 
0.764 
-0.484 
-0.995 
-0.576 
0.371 
1.315 
1.468 
0.292 
-1.309 
-1.358 
0.678 
2.543 
1.733 
-0.972 
-2.208 
-0.523 
1.602 
1.293 
-0.668 
-1.221 
0.296 
1.29 
0.114 
-1.272 
-0.405 
1.623 
1.618 
-0.765 
-2.197 
-0.49 
2.078 
1.942 
-0.71 
-2.368 
-1.213 
0.699 
0.831 
-0.352 
-0.751 
-0.082 
0.062 
-0.829 
-1.233 
-0.141 
1.078 
0.506 
-1.542 
-2.846 
-2.052 
-0.036 
1.383 
1.048 
-1.17 
-4.382 
-6.533 
-5.441 
-1.105 
3.528 
5.254 
3.965 
2.327 
2.159 
2.442 
1.449 
-0.398 
-1.1 
0.015 
1.382 
1.365 
0.176 
-0.835 
-0.896 
-0.172 
0.869 
1.566 
1.09 
-0.52 
-1.625 
-0.576 
1.776 
2.54 
0.498 
-1.921 
-1.688 
0.666 
1.814 
0.379 
-1.241 
-0.632 
1.023 
0.959 
-0.722 
-1.172 
0.627 
2.009 
0.613 
-1.807 
-1.737 
0.895 
2.463 
0.794 
-1.846 
-2.124 
-0.199 
1.033 
0.303 
-0.702 
-0.456 
0.148 
-0.307 
-1.195 
-0.849 
0.586 
1.074 
-0.424 
-2.395 
-2.711 
-1.122 
0.799 
1.447 
0.179 
-2.679 
-5.683 
-6.482 
-3.653 
1.289 
4.79 
4.862 
3.039 
2.053 
2.356 
2.159 
0.559 
-0.973 
-0.744 
0.745 
1.556 
0.846 
-0.416 
-1.0 
-0.639 
0.298 
1.283 
1.51 
0.387 
-1.258 
-1.435 
0.532 
2.491 
1.842 
-0.842 
-2.228 
-0.661 
1.535 
1.373 
-0.581 
-1.266 
0.191 
1.287 
0.206 
-1.256 
-0.523 
1.534 
1.703 
-0.616 
-2.205 
-0.663 
1.968 
2.038 
-0.548 
-2.357 
-1.349 
0.609 
0.881 
-0.27 
-0.752 
-0.12 
0.083 
-0.776 
-1.255 
-0.241 
1.026 
0.581 
-1.423 
-2.817 
-2.142 
-0.156 
1.328 
1.103 
-1.017 
-4.211 
-6.491 
-5.628 
-1.43 
3.293 
5.242 
4.078 
2.381 
2.123 
2.439 
1.545 
-0.3 
-1.119 
-0.099 
1.3 
1.375 
0.227 
-0.814 
-0.927 
-0.242 
0.785 
1.523 
1.139 
-0.428 
-1.626 
-0.719 
1.628 
2.561 
0.655 
-1.844 
-1.8 
0.515 
1.817 
0.496 
-1.208 
-0.736 
0.944 
1.017 
-0.649 
-1.244 
0.482 
2.009 
0.783 
-1.694 
-1.845 
0.709 
2.449 
0.957 
-1.736 
-2.201 
-0.335 
1.012 
0.374 
-0.68 
-0.506 
0.137 
-0.241 
-1.164 
-0.934 
0.476 
1.085 
-0.297 
-2.307 
-2.766 
-1.264 
0.7 
1.47 
0.327 
-2.47 
-5.538 
-6.541 
-3.926 
0.982 
4.663 
4.938 
3.15 
2.072 
2.338 
2.22 
0.678 
-0.924 
-0.813 
0.657 
1.555 
0.92 
-0.351 
-0.987 
-0.665 
0.252 
1.244 
1.535 
0.493 
-1.169 
-1.482 
0.387 
2.439 
1.98 
-0.666 
-2.227 
-0.813 
1.456 
1.472 
-0.46 
-1.292 
0.089 
1.302 
0.339 
-1.204 
-0.639 
1.424 
1.776 
-0.455 
-2.192 
-0.824 
1.859 
2.135 
-0.374 
-2.321 
-1.454 
0.538 
0.929 
-0.203 
-0.761 
-0.153 
0.115 
-0.713 
-1.263 
-0.316 
1.002 
0.67 
-1.308 
-2.801 
-2.239 
-0.275 
1.284 
1.179 
-0.831 
-4.004 
-6.417 
-5.779 
-1.715 
3.091 
5.241 
4.184 
2.435 
2.106 
2.457 
1.648 
-0.202 
-1.123 
-0.174 
1.263 
1.424 
0.305 
-0.772 
-0.932 
-0.275 
0.748 
1.519 
1.201 
-0.334 
-1.6 
-0.804 
1.541 
2.611 
0.814 
-1.753 
-1.871 
0.405 
1.829 
0.603 
-1.171 
-0.815 
0.893 
1.096 
-0.546 
-1.274 
0.363 
1.991 
0.915 
-1.593 
-1.925 
0.554 
2.434 
1.103 
-1.623 
-2.25 
-0.446 
0.997 
0.449 
-0.642 
-0.544 
0.111 
-0.199 
-1.124 
-0.971 
0.417 
1.111 
-0.184 
-2.221 
-2.793 
-1.367 
0.621 
1.482 
0.437 
-2.301 
-5.411 
-6.575 
-4.142 
0.728 
4.558 
5.008 
3.25 
2.081 
2.309 
2.267 
0.795 
-0.864 
-0.87 
0.569 
1.547 
0.989 
-0.287 
-0.981 
-0.706 
0.191 
1.192 
1.544 
0.581 
-1.084 
-1.517 
0.251 
2.367 
2.075 
-0.518 
-2.216 
-0.944 
1.37 
1.536 
-0.364 
-1.32 
-0.017 
1.282 
0.426 
-1.166 
-0.733 
1.334 
1.844 
-0.301 
-2.164 
-0.965 
1.744 
2.204 
-0.217 
-2.282 
-1.563 
0.441 
0.948 
-0.149 
-0.779 
-0.21 
0.117 
-0.665 
-1.271 
-0.397 
0.961 
0.749 
-1.181 
-2.761 
-2.32 
-0.39 
1.233 
1.234 
-0.682 
-3.829 
-6.345 
-5.914 
-1.999 
2.862 
5.212 
4.288 
2.503 
2.085 
2.446 
1.718 
-0.118 
-1.128 
-0.256 
1.207 
1.45 
0.367 
-0.742 
-0.955 
-0.336 
0.676 
1.485 
1.252 
-0.236 
-1.576 
-0.916 
1.402 
2.612 
0.955 
-1.661 
-1.955 
0.254 
1.808 
0.715 
-1.111 
-0.899 
0.798 
1.136 
-0.447 
-1.292 
0.234 
1.948 
1.043 
-1.467 
-1.986 
0.389 
2.402 
1.255 
-1.486 
-2.285 
-0.563 
0.971 
0.517 
-0.611 
-0.588 
0.09 
-0.146 
-1.085 
-1.029 
0.329 
1.124 
-0.067 
-2.13 
-2.825 
-1.484 
0.525 
1.476 
0.536 
-2.136 
-5.282 
-6.612 
-4.374 
0.447 
4.42 
5.056 
3.348 
2.103 
2.281 
2.292 
0.879 
-0.821 
-0.926 
0.482 
1.533 
1.058 
-0.213 
-0.966 
-0.751 
0.119 
1.137 
1.549 
0.653 
-1.023 
-1.564 
0.113 
2.294 
2.17 
-0.363 
-2.199 
-1.084 
1.261 
1.59 
-0.256 
-1.331 
-0.124 
1.254 
0.52 
-1.112 
-0.826 
1.225 
1.895 
-0.148 
-2.131 
-1.11 
1.619 
2.272 
-0.057 
-2.247 
-1.679 
0.349 
0.989 
-0.066 
-0.772 
-0.245 
0.143 
-0.593 
-1.267 
-0.484 
0.902 
0.817 
-1.052 
-2.714 
-2.404 
-0.522 
1.163 
1.28 
-0.524 
-3.632 
-6.254 
-6.048 
-2.305 
2.605 
5.171 
4.401 
2.583 
2.066 
2.436 
1.805 
-0.009 
-1.124 
-0.35 
1.142 
1.487 
0.453 
-0.695 
-0.971 
-0.391 
0.612 
1.46 
1.316 
-0.117 
-1.536 
-1.029 
1.259 
2.637 
1.15 
-1.523 
-2.036 
0.083 
1.783 
0.848 
-1.035 
-0.991 
0.692 
1.184 
-0.33 
-1.313 
0.081 
1.888 
1.177 
-1.337 
-2.073 
0.178 
2.348 
1.426 
-1.325 
-2.332 
-0.722 
0.919 
0.599 
-0.551 
-0.625 
0.057 
-0.099 
-1.045 
-1.098 
0.215 
1.121 
0.066 
-2.011 
-2.85 
-1.626 
0.397 
1.464 
0.671 
-1.895 
-5.075 
-6.622 
-4.65 
0.092 
4.251 
5.132 
3.485 
2.132 
2.249 
2.342 
1.017 
-0.739 
-0.983 
0.378 
1.512 
1.131 
-0.134 
-0.941 
-0.782 
0.051 
1.069 
1.558 
0.774 
-0.895 
-1.593 
-0.065 
2.186 
2.293 
-0.146 
-2.158 
-1.256 
1.124 
1.667 
-0.102 
-1.334 
-0.257 
1.221 
0.65 
-1.027 
-0.935 
1.083 
1.958 
0.058 
-2.071 
-1.288 
1.455 
2.358 
0.172 
-2.159 
-1.796 
0.236 
1.027 
0.027 
-0.769 
-0.296 
0.163 
-0.515 
-1.267 
-0.594 
0.826 
0.89 
-0.904 
-2.654 
-2.478 
-0.637 
1.118 
1.357 
-0.328 
-3.39 
-6.127 
-6.185 
-2.654 
2.297 
5.109 
4.527 
2.684 
2.06 
2.441 
1.923 
0.134 
-1.108 
-0.461 
1.053 
1.518 
0.552 
-0.632 
-0.98 
-0.447 
0.544 
1.43 
1.377 
0.006 
-1.487 
-1.143 
1.097 
2.637 
1.335 
-1.374 
-2.101 
-0.081 
1.763 
0.995 
-0.939 
-1.072 
0.581 
1.23 
-0.197 
-1.308 
-0.054 
1.836 
1.324 
-1.177 
-2.124 
-0.01 
2.294 
1.592 
-1.154 
-2.36 
-0.874 
0.849 
0.651 
-0.513 
-0.671 
0.018 
-0.055 
-0.996 
-1.152 
0.108 
1.109 
0.186 
-1.891 
-2.865 
-1.76 
0.268 
1.446 
0.792 
-1.686 
-4.903 
-6.641 
-4.908 
-0.25 
4.062 
5.173 
3.612 
2.177 
2.225 
2.379 
1.142 
-0.653 
-1.033 
0.262 
1.469 
1.194 
-0.054 
-0.927 
-0.833 
-0.025 
1.01 
1.566 
0.868 
-0.796 
-1.623 
-0.231 
2.068 
2.381 
0.049 
-2.102 
-1.398 
0.997 
1.733 
0.046 
-1.327 
-0.389 
1.165 
0.752 
-0.945 
-1.026 
0.946 
1.997 
0.24 
-2.007 
-1.448 
1.284 
2.408 
0.372 
-2.068 
-1.899 
0.108 
1.031 
0.106 
-0.751 
-0.335 
0.17 
-0.455 
-1.258 
-0.677 
0.762 
0.958 
-0.753 
-2.579 
-2.557 
-0.793 
1.015 
1.386 
-0.165 
-3.166 
-5.999 
-6.3 
-2.988 
1.972 
5.014 
4.641 
2.8 
2.061 
2.424 
2.011 
0.275 
-1.069 
-0.552 
0.969 
1.553 
0.662 
-0.56 
-0.985 
-0.503 
0.47 
1.382 
1.421 
0.135 
-1.411 
-1.246 
0.906 
2.597 
1.512 
-1.206 
-2.163 
-0.28 
1.7 
1.128 
-0.834 
-1.152 
0.461 
1.273 
-0.057 
-1.304 
-0.214 
1.757 
1.473 
-0.995 
-2.169 
-0.223 
2.217 
1.765 
-0.957 
-2.374 
-1.023 
0.801 
0.753 
-0.43 
-0.703 
-0.02 
0.007 
-0.915 
-1.188 
-0.003 
1.104 
0.344 
-1.723 
-2.851 
-1.886 
0.142 
1.428 
0.91 
-1.46 
-4.679 
-6.602 
-5.151 
-0.627 
3.839 
5.227 
3.775 
2.237 
2.191 
2.412 
1.284 
-0.546 
-1.076 
0.144 
1.429 
1.263 
0.033 
-0.898 
-0.862 
-0.089 
0.942 
1.556 
0.961 
-0.675 
-1.627 
-0.382 
1.952 
2.469 
0.251 
-2.037 
-1.542 
0.847 
1.77 
0.183 
-1.306 
-0.504 
1.107 
0.846 
-0.856 
-1.105 
0.797 
1.998 
0.399 
-1.92 
-1.564 
1.129 
2.436 
0.541 
-1.996 
-2.016 
-0.033 
1.028 
0.183 
-0.745 
-0.406 
0.144 
-0.4 
-1.238 
-0.763 
0.67 
0.992 
-0.624 
-2.512 
-2.637 
-0.949 
0.912 
1.409 
-0.01 
-2.948 
-5.866 
-6.404 
-3.315 
1.647 
4.913 
4.747 
2.905 
2.045 
2.384 
2.077 
0.397 
-1.048 
-0.67 
0.845 
1.546 
0.742 
-0.5 
-1.001 
-0.578 
0.373 
1.318 
1.454 
0.254 
-1.342 
-1.352 
0.711 
2.547 
1.684 
-1.029 
-2.214 
-0.491 
1.606 
1.242 
-0.722 
-1.225 
0.32 
1.286 
0.076 
-1.292 
-0.384 
1.643 
1.592 
-0.814 
-2.212 
-0.462 
2.097 
1.915 
-0.755 
-2.384 
-1.199 
0.709 
0.824 
-0.357 
-0.74 
-0.073 
0.048 
-0.853 
-1.238 
-0.127 
1.08 
0.481 
-1.571 
-2.849 
-2.033 
-0.023 
1.369 
1.015 
-1.208 
-4.415 
-6.548 
-5.423 
-1.062 
3.562 
5.249 
3.934 
2.303 
2.153 
2.433 
1.423 
-0.424 
-1.105 
0.022 
1.376 
1.342 
0.156 
-0.837 
-0.891 
-0.175 
0.857 
1.552 
1.075 
-0.538 
-1.637 
-0.57 
1.793 
2.549 
0.491 
-1.932 
-1.69 
0.669 
1.809 
0.366 
-1.247 
-0.624 
1.034 
0.961 
-0.728 
-1.174 
0.63 
2.01 
0.607 
-1.808 
-1.727 
0.905 
2.458 
0.775 
-1.858 
-2.117 
-0.187 
1.032 
0.294 
-0.703 
-0.447 
0.151 
-0.317 
-1.207 
-0.851 
0.588 
1.067 
-0.436 
-2.402 
-2.707 
-1.114 
0.808 
1.459 
0.189 
-2.684 
-5.7 
-6.489 
-3.632 
1.322 
4.807 
4.853 
3.024 
2.054 
2.367 
2.161 
0.547 
-0.983 
-0.738 
0.763 
1.569 
0.849 
-0.413 
-0.989 
-0.62 
0.314 
1.286 
1.502 
0.377 
-1.261 
-1.424 
0.551 
2.508 
1.849 
-0.837 
-2.214 
-0.64 
1.547 
1.368 
-0.59 
-1.261 
0.205 
1.294 
0.202 
-1.254 
-0.509 
1.544 
1.694 
-0.629 
-2.196 
-0.632 
1.99 
2.032 
-0.564 
-2.355 
-1.327 
0.628 
0.885 
-0.274 
-0.754 
-0.124 
0.074 
-0.779 
-1.239 
-0.213 
1.04 
0.567 
-1.449 
-2.83 
-2.132 
-0.136 
1.34 
1.101 
-1.028 
-4.224 
-6.491 
-5.596 
-1.372 
3.342 
5.25 
4.053 
2.362 
2.127 
2.444 
1.526 
-0.326 
-1.119 
-0.07 
1.325 
1.376 
0.215 
-0.817 
-0.918 
-0.229 
0.8 
1.531 
1.13 
-0.446 
-1.616 
-0.665 
1.688 
2.572 
0.618 
-1.867 
-1.773 
0.554 
1.813 
0.458 
-1.228 
-0.722 
0.956 
1.003 
-0.659 
-1.22 
0.515 
1.999 
0.733 
-1.725 
-1.821 
0.752 
2.453 
0.921 
-1.76 
-2.181 
-0.299 
1.021 
0.354 
-0.699 
-0.51 
0.131 
-0.257 
-1.172 
-0.919 
0.499 
1.086 
-0.319 
-2.322 
-2.75 
-1.227 
0.728 
1.468 
0.294 
-2.517 
-5.571 
-6.525 
-3.858 
1.06 
4.699 
4.924 
3.125 
2.068 
2.342 
2.202 
0.645 
-0.937 
-0.794 
0.679 
1.551 
0.897 
-0.366 
-0.987 
-0.662 
0.253 
1.243 
1.524 
0.463 
-1.198 
-1.474 
0.428 
2.458 
1.944 
-0.714 
-2.219 
-0.76 
1.474 
1.423 
-0.511 
-1.282 
0.126 
1.287 
0.276 
-1.228 
-0.59 
1.469 
1.744 
-0.52 
-2.192 
-0.753 
1.903 
2.092 
-0.447 
-2.338 
-1.416 
0.562 
0.906 
-0.234 
-0.763 
-0.144 
0.107 
-0.73 
-1.257 
-0.286 
1.016 
0.645 
-1.345 
-2.806 
-2.199 
-0.219 
1.313 
1.158 
-0.895 
-4.07 
-6.433 
-5.72 
-1.613 
3.168 
5.252 
4.151 
2.413 
2.109 
2.455 
1.617 
-0.239 
-1.129 
-0.149 
1.283 
1.414 
0.279 
-0.793 
-0.939 
-0.27 
0.756 
1.514 
1.168 
-0.377 
-1.605 
-0.754 
1.59 
2.595 
0.749 
-1.789 
-1.844 
0.439 
1.809 
0.552 
-1.184 
-0.782 
0.909 
1.065 
-0.575 
-1.25 
0.408 
1.985 
0.854 
-1.631 
-1.887 
0.619 
2.443 
1.051 
-1.66 
-2.222 
-0.392 
1.012 
0.421 
-0.663 
-0.537 
0.116 
-0.218 
-1.14 
-0.953 
0.444 
1.1 
-0.236 
-2.262 
-2.784 
-1.326 
0.654 
1.483 
0.402 
-2.367 
-5.471 
-6.571 
-4.052 
0.841 
4.603 
4.972 
3.204 
2.082 
2.326 
2.243 
0.736 
-0.894 
-0.846 
0.606 
1.55 
0.964 
-0.309 
-0.981 
-0.689 
0.218 
1.216 
1.536 
0.531 
-1.135 
-1.51 
0.308 
2.401 
2.038 
-0.58 
-2.222 
-0.89 
1.405 
1.507 
-0.409 
-1.316 
0.018 
1.284 
0.387 
-1.179 
-0.686 
1.379 
1.817 
-0.369 
-2.179 
-0.903 
1.799 
2.181 
-0.282 
-2.304 
-1.525 
0.478 
0.942 
-0.167 
-0.769 
-0.188 
0.117 
-0.68 
-1.261 
-0.362 
0.974 
0.712 
-1.236 
-2.777 
-2.283 
-0.339 
1.252 
1.201 
-0.761 
-3.918 
-6.384 
-5.857 
-1.871 
2.97 
5.228 
4.24 
2.472 
2.1 
2.455 
1.674 
-0.181 
-1.142 
-0.211 
1.253 
1.448 
0.333 
-0.765 
-0.947 
-0.303 
0.715 
1.502 
1.221 
-0.296 
-1.596 
-0.857 
1.482 
2.62 
0.89 
-1.699 
-1.906 
0.326 
1.807 
0.654 
-1.135 
-0.853 
0.835 
1.101 
-0.498 
-1.272 
0.303 
1.956 
0.957 
-1.548 
-1.962 
0.476 
2.426 
1.18 
-1.561 
-2.27 
-0.497 
0.99 
0.476 
-0.638 
-0.565 
0.112 
-0.169 
-1.114 
-1.006 
0.378 
1.119 
-0.135 
-2.181 
-2.792 
-1.398 
0.59 
1.483 
0.491 
-2.215 
-5.352 
-6.596 
-4.24 
0.62 
4.506 
5.022 
3.286 
2.096 
2.305 
2.276 
0.824 
-0.845 
-0.887 
0.538 
1.545 
1.021 
-0.264 
-0.994 
-0.739 
0.166 
1.182 
1.543 
0.594 
-1.068 
-1.531 
0.2 
2.337 
2.117 
-0.449 
-2.217 
-1.023 
1.31 
1.565 
-0.307 
-1.326 
-0.07 
1.271 
0.469 
-1.151 
-0.785 
1.291 
1.887 
-0.222 
-2.154 
-1.034 
1.7 
2.255 
-0.131 
-2.262 
-1.615 
0.402 
0.973 
-0.098 
-0.758 
-0.211 
0.14 
-0.619 
-1.256 
-0.434 
0.927 
0.78 
-1.106 
-2.721 
-2.349 
-0.446 
1.212 
1.267 
-0.611 
-3.751 
-6.31 
-5.97 
-2.131 
2.75 
5.201 
4.352 
2.553 
2.089 
2.46 
1.778 
-0.061 
-1.137 
-0.31 
1.181 
1.477 
0.409 
-0.725 
-0.965 
-0.361 
0.649 
1.484 
1.303 
-0.164 
-1.561 
-0.983 
1.336 
2.65 
1.078 
-1.583 
-2.0 
0.168 
1.808 
0.8 
-1.06 
-0.943 
0.747 
1.175 
-0.366 
-1.293 
0.149 
1.917 
1.132 
-1.384 
-2.046 
0.253 
2.384 
1.393 
-1.368 
-2.324 
-0.675 
0.946 
0.584 
-0.573 
-0.62 
0.075 
-0.097 
-1.05 
-1.08 
0.253 
1.131 
0.025 
-2.058 
-2.844 
-1.568 
0.446 
1.461 
0.618 
-1.972 
-5.14 
-6.626 
-4.566 
0.216 
4.32 
5.109 
3.434 
2.123 
2.261 
2.316 
0.957 
-0.766 
-0.954 
0.41 
1.5 
1.093 
-0.158 
-0.946 
-0.78 
0.066 
1.097 
1.564 
0.735 
-0.939 
-1.577 
0.002 
2.224 
2.254 
-0.209 
-2.16 
-1.195 
1.17 
1.648 
-0.148 
-1.342 
-0.232 
1.22 
0.6 
-1.068 
-0.914 
1.127 
1.944 
-0.013 
-2.11 
-1.249 
1.5 
2.325 
0.09 
-2.191 
-1.755 
0.269 
1.002 
-0.008 
-0.762 
-0.279 
0.137 
-0.559 
-1.264 
-0.546 
0.849 
0.857 
-0.947 
-2.662 
-2.458 
-0.618 
1.123 
1.333 
-0.4 
-3.49 
-6.182 
-6.14 
-2.546 
2.378 
5.118 
4.495 
2.661 
2.052 
2.427 
1.887 
0.092 
-1.127 
-0.445 
1.081 
1.522 
0.524 
-0.658 
-0.975 
-0.422 
0.556 
1.417 
1.349 
-0.021 
-1.494 
-1.118 
1.133 
2.633 
1.277 
-1.426 
-2.088 
-0.036 
1.755 
0.929 
-0.978 
-1.042 
0.616 
1.205 
-0.239 
-1.294 
-0.008 
1.831 
1.261 
-1.218 
-2.097 
0.033 
2.288 
1.544 
-1.189 
-2.352 
-0.834 
0.894 
0.675 
-0.519 
-0.689 
0.015 
-0.042 
-0.985 
-1.139 
0.139 
1.141 
0.18 
-1.926 
-2.862 
-1.692 
0.339 
1.452 
0.742 
-1.738 
-4.933 
-6.64 
-4.847 
-0.133 
4.15 
5.16 
3.546 
2.163 
2.262 
2.373 
1.075 
-0.682 
-0.975 
0.326 
1.463 
1.157 
-0.055 
-0.913 
-0.848 
-0.035 
1.051 
1.602 
0.825 
-0.866 
-1.605 
-0.137 
2.107 
2.317 
-0.014 
-2.078 
-1.337 
1.011 
1.705 
0.03 
-1.321 
-0.381 
1.167 
0.744 
-0.972 
-1.042 
0.979 
2.037 
0.206 
-2.077 
-1.421 
1.409 
2.446 
0.24 
-2.182 
-1.816 
0.255 
1.012 
-0.015 
-0.732 
-0.202